000020
000025
000030
000040
000045
000046
000050
000060
000070
000075
000076
000080
000081
000090
000095
000096
000097
000100
000105
000110
000115
000120
000125
000130
000135
000140
000145
000150
000200
000210
000220
000230
000240
000250
000260
000270
000280
000290
000300
000310
000320
000330
000500
000510
000530
000540
000550
000560
000570
000580
000590
000600
000700
000710
000720
000800
000805
000850
000855
000870
000871
000875
000876
000880
000885
000890
000900
000910
000950
000960
000970
000990
001000
001010
001020
001030
001500
001510
002000
002500
002510
003000
003020
003030
003040
003050
004000
004005
004010
004100
004105
004110
004115
004120
004125
004130
004200
004205
004210
004220
004305
004310
004325
004400
004406
004410
004420
004425
004500
004505
004510
004600
004700
004706
004710
004720
004730
004900
004910
005000
005001
005002
005003
005004
005010
005025
005030
005040
005045
005050
005060
005065
005080
005084
005085
005090
005095
005105
005110
005120
005124
005125
005130
005131
005132
005134
005136
005140
005150
005154
005155
005160
005164
005165
005170
005175
005180
005185
005190
005195
005200
005205
005210
005215
005220
005230
005240
005245
005250
005300
005305
005310
005315
005320
005324
005325
005330
005340
005350
005400
005410
005420
005430
005435
005436
005440
005441
005442
005443
005450
005460
005465
005466
005470
005500
005506
005507
005600
005606
005610
005620
005624
005630
005634
005640
005650
005655
005660
005665
005670
005680
005684
005690
005700
005704
005705
005710
005720
005730
005735
005740
005741
005742
005744
005750
005751
005752
005754
006000
006006
006010
006016
006020
006030
006200
006500
006505
006511
006514
006515
006517
006570
006580
006584
006585
006590
006591
006596
006600
006610
006620
006630
006640
006650
006660
006670
006680
006690
006800
006810
006820
006830
006840
006850
006860
006990
007000
007010
007020
007030
007040
007050
007053
007060
007070
007080
007090
007100
007110
007120
007130
007140
007150
007160
007170
007180
007190
007220
007230
007240
007250
007260
007261
007262
007263
007264
007265
007270
007280
007290
007300
007310
007320
007330
007340
007350
007360
007370
007380
007390
007400
007410
007420
007460
007470
007480
007490
007500
007510
007520
007530
007550
007560
007570
007580
007590
007600
007610
007630
007700
007710
007720
007730
007740
007750
007760
007770
008000
008001
008002
008003
008004
008005
008006
008007
008010
008011
008012
008020
008030
008040
008050
008060
008070
008500
008510
008520
008521
008525
008530
008540
008550
008560
008570
008580
008590
008600
008605
008610
008620
008800
008810
008820
008830
008840
008850
008930
008940
009010
009100
009110
009200
009210
009610
009620
009630
009640
009650
009660
009670
009680
009690
009700
009710
009799
101120
101130
101150
101160
101170
101180
101190
101200
101210
101220
101230
101240
101250
101260
101520
101521
102000
103010
103020
104020
104029
104030
104033
104040
104043
104250
104300
104610
105200
105210
105220
105230
105236
105600
105700
105800
106010
106020
106030
106032
106050
106052
106100
106150
106200
106203
106210
106213
106251
106261
106270
106273
106400
106403
106410
106413
106500
106506
106600
106603
106610
106613
106700
106710
106719
106800
106850
106856
106900
106903
106910
106913
106960
106963
107010
107019
107020
107030
108010
108100
108510
108520
108530
108900
108901
109010
109510
110020
110100
110110
110130
110150
110190
110195
110200
110210
110300
110310
110320
110400
110401
110410
110411
110420
110421
110500
110501
110505
110510
110511
110515
110520
110521
110525
110526
110530
110535
110536
110600
110610
110620
110630
110640
110650
110660
110670
110700
110710
110716
110720
110730
110740
110800
110900
110906
110950
110955
113010
113020
114010
114020
114030
114040
115010
115019
115110
115120
115130
115210
115219
115220
115230
115240
115249
115250
115260
115269
115320
115329
115340
115350
115360
115369
115370
115379
115380
115389
115400
115409
115500
115600
115710
115800
119020
119030
119040
119050
119060
119070
119080
120010
120020
120030
120210
120220
120230
120240
120250
120290
120300
120310
120320
120330
120400
120500
120510
120590
120610
120710
120810
120910
120920
121010
121100
121200
121310
121320
121330
121410
121420
121423
121424
121430
121440
121450
121490
121500
121600
121710
121720
121730
121800
121900
122000
122100
122200
122300
122400
122410
122430
122500
122600
122700
122800
122806
122900
123000
123010
123100
123110
123200
123220
123300
123390
123400
123500
123550
123610
123900
124000
124010
124013
124014
124050
124100
127100
127110
127120
127130
127150
127160
127170
128050
128055
128100
128110
128200
130010
131010
132010
135010
135020
135030
135510
135520
135610
135620
135630
135810
135820
140100
140300
140400
150010
150015
150020
150025
150030
150035
150500
151000
152000
158000
160400
160410
160420
160430
160800
160810
160820
160830
160840
160850
160860
160870
160880
160890
161200
161600
161610
162000
162010
162020
162030
162040
162050
162400
162410
162420
163200
164400
164800
164810
164811
164820
166000
166010
166050
166060
166070
166100
166800
166810
166820
166850
167200
167250
167600
170010
170510
180010
181100
181105
181117
181500
181600
182010
183010
183015
183800
183900
185010
189010
190010
191010
192010
193010
194000
201500
202010
202020
202030
202500
202800
203010
203020
203030
203500
204010
204500
206010
206020
206040
206050
206060
206070
206080
206090
206100
206260
206270
206280
206710
206800
207010
207020
208500
208510
208520
209010
210010
210030
210040
210050
210060
210070
214000
214500
215000
216000
217000
401010
401100
403010
404010
405010
405020
406010
406500
406510
407010
407510
408010
408100
408900
409000
501200
502260
502760
503010
503100
504010
504100
507100
508010
508100
508200
509010
509020
509030
900010
900110
900210
900310
900410
905010
905100